%YAML:1.0
---
descriptors: !!opencv-matrix
   rows: 100
   cols: 128
   dt: f
   data: [ 55., 0., 0., 0., 1., 0., 0., 1., 165., 1., 0., 0., 0., 0., 0.,
       4., 165., 6., 0., 0., 0., 0., 0., 1., 74., 2., 0., 0., 0., 0., 0.,
       1., 73., 1., 0., 0., 1., 0., 0., 1., 165., 2., 0., 0., 0., 0., 0.,
       6., 165., 2., 0., 0., 0., 0., 0., 5., 93., 1., 0., 0., 0., 0., 0.,
       3., 70., 2., 0., 0., 1., 1., 0., 1., 165., 18., 0., 0., 0., 0.,
       0., 1., 165., 17., 0., 0., 0., 0., 0., 1., 93., 3., 0., 0., 0.,
       0., 0., 0., 52., 0., 0., 0., 1., 1., 0., 3., 165., 2., 0., 0., 0.,
       0., 0., 14., 165., 4., 0., 0., 0., 0., 0., 10., 73., 4., 0., 0.,
       0., 0., 0., 1., 29., 3., 0., 0., 0., 2., 2., 2., 139., 108., 2.,
       0., 0., 0., 0., 1., 103., 139., 83., 0., 0., 0., 0., 0., 1., 97.,
       130., 0., 0., 0., 0., 0., 27., 1., 0., 0., 24., 64., 13., 4.,
       139., 36., 1., 0., 1., 1., 0., 24., 89., 102., 71., 1., 0., 0.,
       0., 3., 1., 48., 139., 47., 4., 0., 0., 0., 31., 0., 0., 27.,
       139., 49., 2., 6., 139., 14., 2., 0., 3., 1., 0., 25., 49., 28.,
       48., 7., 1., 0., 0., 1., 15., 2., 25., 81., 36., 0., 0., 2., 26.,
       2., 0., 32., 71., 31., 0., 2., 118., 55., 13., 0., 1., 1., 0., 5.,
       9., 38., 61., 7., 1., 0., 0., 0., 31., 3., 16., 47., 31., 0., 0.,
       5., 0., 0., 1., 5., 44., 29., 0., 0., 134., 28., 0., 0., 43., 54.,
       0., 1., 153., 60., 0., 0., 0., 1., 0., 0., 9., 1., 0., 0., 0., 0.,
       0., 0., 0., 0., 0., 1., 13., 30., 41., 6., 92., 17., 0., 0., 99.,
       72., 8., 4., 153., 75., 0., 0., 7., 2., 0., 9., 49., 8., 0., 0.,
       0., 0., 0., 0., 1., 0., 0., 3., 48., 31., 92., 29., 70., 1., 0.,
       15., 153., 38., 14., 58., 153., 16., 0., 0., 8., 1., 1., 101.,
       89., 12., 0., 0., 0., 0., 0., 1., 23., 16., 0., 2., 65., 40., 10.,
       9., 47., 0., 0., 6., 104., 64., 22., 88., 134., 10., 0., 0., 0.,
       0., 2., 83., 77., 17., 0., 0., 0., 0., 0., 0., 5., 2., 0., 4.,
       57., 1., 0., 0., 122., 24., 1., 1., 24., 4., 0., 32., 127., 41.,
       12., 2., 0., 0., 20., 127., 10., 4., 18., 15., 48., 12., 11., 64.,
       10., 4., 0., 5., 64., 2., 0., 1., 97., 78., 2., 6., 37., 6., 0.,
       5., 127., 127., 76., 1., 0., 0., 6., 40., 5., 15., 119., 44., 13.,
       0., 46., 36., 7., 2., 2., 4., 54., 5., 1., 4., 58., 21., 2., 8.,
       42., 14., 1., 8., 127., 112., 9., 1., 2., 1., 13., 95., 28., 31.,
       45., 1., 0., 0., 79., 85., 1., 1., 2., 4., 33., 5., 29., 9., 11.,
       16., 2., 7., 27., 40., 24., 0., 112., 127., 16., 1., 8., 9., 0.,
       4., 35., 80., 111., 2., 0., 0., 14., 24., 5., 0., 0., 124., 81.,
       0., 0., 3., 11., 0., 0., 22., 18., 0., 0., 10., 86., 6., 0., 8.,
       7., 0., 17., 124., 39., 17., 12., 8., 1., 0., 82., 87., 5., 1.,
       1., 42., 31., 1., 1., 9., 54., 6., 2., 30., 29., 1., 1., 17.,
       124., 80., 6., 3., 1., 0., 10., 121., 27., 64., 36., 12., 5., 1.,
       56., 47., 1., 2., 7., 16., 11., 12., 6., 2., 101., 5., 2., 22.,
       22., 2., 1., 83., 124., 48., 6., 0., 0., 6., 80., 124., 4., 55.,
       59., 12., 1., 28., 103., 9., 0., 0., 0., 6., 48., 57., 18., 0.,
       124., 39., 1., 7., 29., 6., 0., 26., 124., 123., 18., 0., 0., 2.,
       24., 47., 3., 48., 33., 0., 0., 17., 72., 5., 9., 6., 0., 0., 34.,
       11., 0., 1., 124., 124., 1., 0., 10., 3., 0., 0., 74., 78., 11.,
       14., 74., 23., 0., 0., 74., 29., 0., 4., 38., 21., 0., 4., 2., 4.,
       1., 1., 75., 14., 0., 0., 69., 124., 5., 2., 29., 6., 0., 1.,
       108., 124., 43., 25., 15., 1., 2., 70., 83., 5., 3., 8., 20., 17.,
       5., 121., 4., 6., 0., 1., 109., 22., 0., 0., 61., 19., 0., 1.,
       34., 16., 0., 3., 124., 114., 10., 0., 1., 1., 2., 77., 37., 32.,
       66., 21., 8., 3., 3., 71., 5., 4., 0., 0., 124., 31., 0., 0., 11.,
       13., 1., 2., 29., 11., 0., 0., 86., 124., 22., 1., 9., 4., 0., 3.,
       51., 64., 76., 12., 0., 0., 11., 47., 2., 0., 0., 129., 124., 0.,
       0., 0., 21., 1., 0., 24., 19., 0., 0., 8., 129., 1., 0., 8., 7.,
       0., 0., 99., 68., 1., 0., 39., 57., 0., 0., 33., 7., 1., 1., 79.,
       56., 0., 0., 2., 56., 6., 1., 30., 23., 0., 0., 18., 129., 63.,
       17., 17., 4., 0., 7., 63., 56., 14., 18., 57., 28., 0., 6., 51.,
       7., 1., 1., 22., 21., 0., 0., 4., 102., 3., 0., 14., 20., 0., 1.,
       114., 108., 19., 5., 2., 0., 0., 97., 129., 11., 4., 6., 11., 24.,
       3., 90., 109., 4., 1., 1., 14., 21., 1., 0., 3., 129., 44., 1.,
       9., 10., 0., 1., 45., 116., 116., 33., 0., 0., 0., 17., 52., 2.,
       23., 50., 45., 26., 1., 15., 11., 0., 0., 0., 124., 124., 2., 0.,
       0., 15., 0., 0., 38., 34., 2., 0., 5., 124., 8., 0., 1., 1., 0.,
       2., 61., 38., 17., 12., 9., 3., 1., 18., 28., 0., 0., 0., 68.,
       124., 34., 18., 0., 42., 3., 0., 4., 37., 49., 8., 5., 124., 39.,
       1., 0., 2., 1., 3., 57., 27., 34., 17., 3., 1., 2., 40., 25., 0.,
       0., 0., 5., 69., 93., 66., 1., 34., 14., 2., 12., 124., 42., 6.,
       3., 124., 102., 19., 2., 5., 0., 0., 21., 20., 66., 41., 2., 0.,
       0., 6., 11., 0., 0., 0., 0., 95., 124., 44., 0., 3., 12., 6., 10.,
       124., 55., 1., 0., 10., 113., 65., 4., 11., 2., 1., 0., 26., 124.,
       73., 0., 0., 0., 1., 4., 10., 0., 0., 14., 34., 0., 0., 3., 137.,
       0., 0., 3., 8., 0., 0., 39., 120., 0., 0., 20., 99., 0., 0., 18.,
       77., 0., 0., 11., 52., 0., 0., 12., 24., 2., 0., 15., 26., 0., 0.,
       2., 137., 24., 3., 8., 10., 0., 0., 35., 124., 10., 5., 48., 106.,
       0., 0., 15., 94., 0., 0., 12., 67., 0., 0., 17., 21., 6., 1., 15.,
       28., 0., 0., 6., 137., 93., 13., 9., 5., 0., 9., 67., 67., 34.,
       28., 46., 17., 1., 33., 101., 60., 0., 0., 8., 89., 5., 5., 54.,
       39., 3., 0., 7., 23., 0., 0., 15., 137., 24., 2., 0., 2., 0., 18.,
       137., 18., 14., 12., 4., 8., 2., 68., 120., 16., 0., 3., 23.,
       104., 5., 8., 26., 53., 33., 1., 2., 48., 3., 0., 0., 123., 123.,
       9., 9., 14., 1., 0., 4., 56., 16., 5., 8., 24., 12., 2., 25., 31.,
       10., 0., 0., 23., 15., 1., 2., 23., 15., 0., 4., 80., 3., 0., 1.,
       123., 103., 6., 2., 4., 1., 0., 74., 73., 22., 20., 17., 32., 19.,
       9., 123., 35., 5., 2., 16., 57., 24., 3., 8., 9., 6., 1., 2., 88.,
       7., 0., 0., 123., 123., 9., 1., 9., 2., 0., 15., 86., 102., 78.,
       31., 9., 1., 19., 61., 19., 1., 10., 30., 23., 9., 39., 89., 0.,
       0., 1., 2., 79., 12., 2., 1., 123., 78., 1., 2., 14., 7., 1., 5.,
       123., 123., 38., 1., 0., 0., 13., 56., 2., 11., 85., 26., 5., 1.,
       23., 38., 0., 0., 1., 73., 38., 0., 0., 0., 113., 6., 1., 10., 6.,
       0., 0., 56., 117., 41., 12., 3., 1., 0., 33., 116., 5., 6., 13.,
       33., 30., 5., 28., 24., 11., 1., 1., 18., 25., 28., 8., 3., 121.,
       17., 1., 6., 7., 1., 9., 121., 74., 51., 20., 4., 0., 14., 93.,
       83., 4., 6., 24., 28., 13., 12., 66., 29., 26., 2., 0., 15., 104.,
       41., 9., 7., 121., 62., 2., 2., 14., 1., 6., 76., 50., 121., 48.,
       0., 0., 9., 49., 24., 4., 22., 53., 39., 22., 10., 42., 12., 21.,
       17., 3., 34., 121., 15., 1., 3., 101., 121., 39., 4., 5., 0., 6.,
       39., 9., 121., 71., 0., 0., 10., 44., 10., 12., 34., 30., 7., 0.,
       5., 54., 47., 0., 44., 130., 0., 0., 0., 0., 0., 5., 50., 130.,
       1., 0., 0., 0., 1., 0., 6., 130., 33., 3., 0., 0., 0., 0., 3.,
       130., 13., 0., 0., 0., 0., 42., 59., 83., 0., 0., 0., 0., 3.,
       130., 54., 44., 4., 9., 5., 5., 27., 7., 4., 49., 59., 119., 16.,
       5., 7., 0., 2., 103., 30., 18., 3., 5., 1., 47., 4., 0., 0., 0.,
       0., 6., 81., 129., 30., 7., 8., 8., 1., 7., 48., 6., 8., 6., 23.,
       102., 40., 33., 2., 0., 0., 1., 2., 13., 21., 105., 3., 2., 0.,
       0., 0., 0., 0., 29., 130., 7., 1., 0., 0., 0., 0., 83., 84., 1.,
       0., 0., 0., 2., 11., 130., 16., 0., 0., 0., 0., 0., 3., 130., 8.,
       0., 3., 131., 11., 0., 0., 0., 0., 2., 10., 131., 19., 1., 0., 0.,
       0., 0., 0., 79., 89., 7., 1., 0., 0., 0., 0., 25., 131., 2., 0.,
       0., 0., 13., 21., 107., 4., 0., 0., 1., 1., 101., 40., 34., 3.,
