%YAML:1.0
---
keypoints:
   - [ 5.8004422187805176, 982.22900390625, 6.3396615982055664,
       249.68293762207031, 0.016218304634094238, 7668480, -1 ]
   - [ 7.0349664688110352, 696.09173583984375, 6.1438155174255371,
       28.7176513671875, 0.052920036017894745, 5374720, -1 ]
   - [ 7.0371994972229004, 885.2540283203125, 5.8428530693054199,
       100.02175903320312, 0.014223779551684856, 1770240, -1 ]
   - [ 8.5212812423706055, 899.9744873046875, 5.9905924797058105,
       205.14973449707031, 0.017303086817264557, 3605248, -1 ]
   - [ 12.48062801361084, 678.51416015625, 9.2505559921264648,
       5.7076644897460938, 0.055336154997348785, 1573377, -1 ]
   - [ 15.082510948181152, 904.35491943359375, 5.6978535652160645,
       207.71859741210938, 0.013392611406743526, 16646656, -1 ]
   - [ 15.536624908447266, 642.34613037109375, 7.9241518974304199,
       18.751907348632812, 0.018628712743520737, 7078145, -1 ]
   - [ 15.72581672668457, 937.67279052734375, 7.3944292068481445,
       273.50506591796875, 0.020495502278208733, 2097409, -1 ]
   - [ 15.817947387695312, 690.406005859375, 5.1382293701171875,
       224.22186279296875, 0.020253455266356468, 9175552, -1 ]
   - [ 16.212190628051758, 760.96527099609375, 6.7673296928405762,
       96.815147399902344, 0.022021222859621048, 12387072, -1 ]
   - [ 16.824195861816406, 957.36187744140625, 6.5931963920593262,
       76.042556762695312, 0.019416913390159607, 10486528, -1 ]
   - [ 18.748172760009766, 947.27923583984375, 6.7679505348205566,
       76.783004760742188, 0.019682908430695534, 12387072, -1 ]
   - [ 18.748172760009766, 947.27923583984375, 6.7679505348205566,
       269.23626708984375, 0.019682908430695534, 12387072, -1 ]
   - [ 19.653388977050781, 751.36627197265625, 6.0118060111999512,
       97.962455749511719, 0.015711169689893723, 3801856, -1 ]
   - [ 19.653388977050781, 751.36627197265625, 6.0118060111999512,
       342.353759765625, 0.015711169689893723, 3801856, -1 ]
   - [ 20.250389099121094, 980.93585205078125, 5.6853346824645996,
       104.22508239746094, 0.01802082359790802, 16515584, -1 ]
   - [ 20.250389099121094, 980.93585205078125, 5.6853346824645996,
       341.82769775390625, 0.01802082359790802, 16515584, -1 ]
   - [ 20.47209358215332, 655.4486083984375, 9.1735553741455078,
       14.734573364257812, 0.045677140355110168, 983553, -1 ]
   - [ 20.47209358215332, 655.4486083984375, 9.1735553741455078,
       200.92524719238281, 0.045677140355110168, 983553, -1 ]
   - [ 22.699338912963867, 674.386962890625, 6.167818546295166,
       184.70198059082031, 0.024844152852892876, 5702400, -1 ]
   - [ 24.039958953857422, 729.47772216796875, 8.1221466064453125,
       83.915878295898438, 0.019016148522496223, 8847617, -1 ]
   - [ 24.039958953857422, 729.47772216796875, 8.1221466064453125,
       333.57354736328125, 0.019016148522496223, 8847617, -1 ]
   - [ 25.598014831542969, 614.73681640625, 6.1706042289733887,
       18.901329040527344, 0.018236404284834862, 5702400, -1 ]
   - [ 26.310359954833984, 868.7066650390625, 7.1853671073913574,
       215.91452026367188, 0.020703157410025597, 257, -1 ]
   - [ 26.854076385498047, 888.64703369140625, 6.8598823547363281,
       241.43473815917969, 0.020383309572935104, 13370112, -1 ]
   - [ 27.419687271118164, 760.80535888671875, 6.4268479347229004,
       352.4288330078125, 0.014306912198662758, 8651520, -1 ]
   - [ 29.024166107177734, 956.71112060546875, 7.8421626091003418,
       154.38462829589844, 0.018457509577274323, 6357249, -1 ]
   - [ 29.145875930786133, 749.8973388671875, 5.9830656051635742,
       134.23507690429688, 0.017676420509815216, 3474176, -1 ]
   - [ 29.145875930786133, 749.8973388671875, 5.9830656051635742,
       337.4259033203125, 0.017676420509815216, 3474176, -1 ]
   - [ 30.431758880615234, 920.08270263671875, 9.3571300506591797,
       139.08981323242188, 0.01547845546156168, 2425345, -1 ]
   - [ 30.431758880615234, 920.08270263671875, 9.3571300506591797,
       358.50897216796875, 0.01547845546156168, 2425345, -1 ]
   - [ 30.437444686889648, 794.281494140625, 6.584968090057373,
       295.38998413085938, 0.013854063116014004, 10420992, -1 ]
   - [ 30.723049163818359, 626.6275634765625, 11.395651817321777,
       15.139198303222656, 0.039495594799518585, 16646657, -1 ]
   - [ 30.920169830322266, 597.58709716796875, 7.7930235862731934,
       19.430618286132812, 0.016806244850158691, 5898497, -1 ]
   - [ 31.638874053955078, 658.42767333984375, 7.6574859619140625,
       201.13899230957031, 0.028647299855947495, 4587777, -1 ]
   - [ 32.767433166503906, 901.60076904296875, 10.815926551818848,
       20.271224975585938, 0.016377745196223259, 12911105, -1 ]
   - [ 32.767433166503906, 901.60076904296875, 10.815926551818848,
       239.37846374511719, 0.016377745196223259, 12911105, -1 ]
   - [ 35.822093963623047, 674.567626953125, 17.197956085205078,
       195.67333984375, 0.017844324931502342, 12976386, -1 ]
   - [ 35.939479827880859, 990.26220703125, 6.4793319702148438,
       178.81564331054688, 0.017232665792107582, 9241344, -1 ]
   - [ 35.939479827880859, 990.26220703125, 6.4793319702148438,
       327.11758422851562, 0.017232665792107582, 9241344, -1 ]
   - [ 35.957172393798828, 609.57965087890625, 8.5690603256225586,
       21.826438903808594, 0.041340216994285583, 12779777, -1 ]
   - [ 35.957172393798828, 609.57965087890625, 8.5690603256225586,
       196.07872009277344, 0.041340216994285583, 12779777, -1 ]
   - [ 36.005081176757812, 876.44891357421875, 8.418461799621582,
       215.91859436035156, 0.026395216584205627, 11469057, -1 ]
   - [ 36.316616058349609, 715.9803466796875, 7.2064805030822754,
       73.214950561523438, 0.022638386115431786, 196865, -1 ]
   - [ 38.469379425048828, 583.02606201171875, 4.817230224609375,
       13.384132385253906, 0.014266266487538815, 4522496, -1 ]
   - [ 40.126182556152344, 619.964599609375, 5.0093607902526855,
       187.51036071777344, 0.014242957346141338, 7340544, -1 ]
   - [ 41.429424285888672, 591.78607177734375, 6.4740152359008789,
       8.846588134765625, 0.037900157272815704, 9175808, -1 ]
   - [ 41.429424285888672, 591.78607177734375, 6.4740152359008789,
       197.38975524902344, 0.037900157272815704, 9175808, -1 ]
   - [ 42.922252655029297, 946.6651611328125, 11.875200271606445,
       159.18089294433594, 0.017113406211137772, 2949889, -1 ]
   - [ 44.624767303466797, 726.3375244140625, 8.2758760452270508,
       69.121360778808594, 0.034938227385282516, 10223873, -1 ]
   - [ 44.624767303466797, 726.3375244140625, 8.2758760452270508,
       120.03284454345703, 0.034938227385282516, 10223873, -1 ]
   - [ 45.542644500732422, 817.95281982421875, 6.2359771728515625,
       79.926719665527344, 0.014415856450796127, 6488832, -1 ]
   - [ 45.547500610351562, 987.73321533203125, 6.8596701622009277,
       160.22634887695312, 0.029099121689796448, 13370112, -1 ]
   - [ 46.0362548828125, 579.08099365234375, 6.3832697868347168,
       189.4798583984375, 0.03796786442399025, 8192768, -1 ]
   - [ 47.553981781005859, 692.96575927734375, 5.5605983734130859,
       351.73324584960938, 0.016052341088652611, 14877184, -1 ]
   - [ 48.372203826904297, 614.49786376953125, 10.366015434265137,
       194.14762878417969, 0.02468886598944664, 9830913, -1 ]
   - [ 48.912593841552734, 598.014892578125, 5.9079313278198242,
       199.26058959960938, 0.014398729428648949, 2556672, -1 ]
   - [ 49.952522277832031, 753.03662109375, 11.216315269470215,
       103.69027709960938, 0.025273589417338371, 15532545, -1 ]
   - [ 49.952522277832031, 753.03662109375, 11.216315269470215,
       290.0589599609375, 0.025273589417338371, 15532545, -1 ]
   - [ 52.433784484863281, 641.881103515625, 6.9122543334960938,
       316.3621826171875, 0.019990401342511177, 13894400, -1 ]
   - [ 52.787883758544922, 890.3836669921875, 6.6796822547912598,
       200.59164428710938, 0.019991995766758919, 11469568, -1 ]
   - [ 54.209678649902344, 577.18939208984375, 5.0693855285644531,
